Reporte de Notas
================================================================================
20160658       Arca/Amezquita/Edric-Ronald
Cod.Curso  Nota
--------------------------------------------------------------------------------
101206      20
303218      18
101209      19
101269      17
303111      16
--------------------------------------------------------------------------------
20119778       Morales/Valverde/Ines-Martha
Cod.Curso  Nota
--------------------------------------------------------------------------------
721111      13
303218      13
721203      13
303111      13
217263      12
303219      12
217220      12
721204      12
217282      13
--------------------------------------------------------------------------------
20125258       Gavidia/Mendoza/Ronald-Johnny
Cod.Curso  Nota
--------------------------------------------------------------------------------
303241      13
217248      15
303218      12
217263      9
303219      18
--------------------------------------------------------------------------------
20150564       Auris/Zimic/Javier-Daniel
Cod.Curso  Nota
--------------------------------------------------------------------------------
721208      13
303218      13
303219      13
721111      13
721203      13
303111      13
--------------------------------------------------------------------------------
20080667       Lozada/Yino/Martha
Cod.Curso  Nota
--------------------------------------------------------------------------------
303218      11
721208      12
303111      19
721111      11
721203      13
303219      12
--------------------------------------------------------------------------------
20127352       Justino/Cruz/Williams
Cod.Curso  Nota
--------------------------------------------------------------------------------
303218      14
101206      13
721203      16
721218      18
101209      12
721208      17
721111      19
303111      15
--------------------------------------------------------------------------------
20135395       Alamo/Pairazaman/Miguel-Roberto
Cod.Curso  Nota
--------------------------------------------------------------------------------
721111      17
721208      14
217281      19
303111      11
303241      11
721218      11
721203      12
217238      12
217263      14
--------------------------------------------------------------------------------
20120476       Henriquez/Espino/Beatriz
Cod.Curso  Nota
--------------------------------------------------------------------------------
721203      12
217248      15
721111      11
721208      11
303219      13
217220      16
217282      14
--------------------------------------------------------------------------------
20160119       Paredes/Patino/Christian
Cod.Curso  Nota
--------------------------------------------------------------------------------
217245      16
217282      16
217263      13
303241      10
217246      15
303111      12
217239      17
217281      15
303219      13
217220      12
217238      14
303218      14
--------------------------------------------------------------------------------
20109738       Caro/Polo/Sandro
Cod.Curso  Nota
--------------------------------------------------------------------------------
101209      7
721218      11
721111      11
721203      11
721208      11
217263      12
101206      12
303218      9
--------------------------------------------------------------------------------
20003541       Cabrera/Canales/Guillermo-Edric
Cod.Curso  Nota
--------------------------------------------------------------------------------
721203      13
721218      11
217263      13
303218      11
721111      13
721208      12
217220      12
--------------------------------------------------------------------------------
20114450       Vega/Munoz/Gonzalo
Cod.Curso  Nota
--------------------------------------------------------------------------------
721111      16
721208      10
721203      18
101269      12
101206      10
--------------------------------------------------------------------------------
20177613       Cortez/Segura/Carmela-Ines
Cod.Curso  Nota
--------------------------------------------------------------------------------
721218      11
303219      12
101206      9
721208      17
721203      12
303218      10
721111      15
--------------------------------------------------------------------------------
20170596       Portugal/Benavente/Johana-Gloria
Cod.Curso  Nota
--------------------------------------------------------------------------------
303241      12
303219      13
101209      15
303111      11
303218      14
303781      12
101206      14
--------------------------------------------------------------------------------
20179442       Florian/Morales/Ydali
Cod.Curso  Nota
--------------------------------------------------------------------------------
303781      17
303218      14
101206      16
303219      13
101286      18
101209      15
303111      12
303241      10
--------------------------------------------------------------------------------
20102075       Moya/Aranda/Johnny
Cod.Curso  Nota
--------------------------------------------------------------------------------
217238      9
217220      14
303219      8
303111      17
303218      10
217281      15
217263      10
217282      11
721111      13
303241      12
217248      12
721203      16
--------------------------------------------------------------------------------
20083333       Laura/Wong/Melvin-Henrry
Cod.Curso  Nota
--------------------------------------------------------------------------------
101206      11
--------------------------------------------------------------------------------
20156702       Calixto/Tomasiche/Monica-Doris
Cod.Curso  Nota
--------------------------------------------------------------------------------
303111      11
721229      12
303241      13
303781      12
721218      8
721208      12
303219      14
721220      16
721227      14
303218      15
721111      10
721219      14
--------------------------------------------------------------------------------
20091994       Ruiz/Gordillo/Carola-Erika
Cod.Curso  Nota
--------------------------------------------------------------------------------
721220      16
721208      11
303218      11
303241      15
721229      11
721203      5
721219      11
303111      11
303219      13
721111      12
--------------------------------------------------------------------------------
20097877       Coronel/Chumpitaz/Heli
Cod.Curso  Nota
--------------------------------------------------------------------------------
721229      16
721220      14
721219      15
721218      11
721208      13
303111      18
721227      12
721111      17
--------------------------------------------------------------------------------
20178528       Zarate/Del_Pozo/Humberto-Antonio
Cod.Curso  Nota
--------------------------------------------------------------------------------
721203      13
721111      13
721208      13
721219      13
101206      13
721218      13
--------------------------------------------------------------------------------
20164217       Palomares/Vera/Henrry-Humberto
Cod.Curso  Nota
--------------------------------------------------------------------------------
721111      10
--------------------------------------------------------------------------------
20146553       Coronado/Figueroa/Johan
Cod.Curso  Nota
--------------------------------------------------------------------------------
303218      12
217263      10
721111      13
303111      11
303219      11
217220      11
217281      9
--------------------------------------------------------------------------------
20081346       Hijar/Pairazaman/Jenny-Delicia
Cod.Curso  Nota
--------------------------------------------------------------------------------
721208      12
721220      10
721219      17
721227      12
303218      15
721229      11
721111      11
--------------------------------------------------------------------------------
20110165       Landeo/Sueldo/Adolfo
Cod.Curso  Nota
--------------------------------------------------------------------------------
303111      16
721203      11
721208      13
303219      12
303218      14
721219      17
721111      19
721218      15
--------------------------------------------------------------------------------
20166965       Antezano/Segura/Teresa-Delia
Cod.Curso  Nota
--------------------------------------------------------------------------------
303111      15
303218      12
303219      11
303241      7
--------------------------------------------------------------------------------
20167828       Pasquel/Quio/Surami-Janet
Cod.Curso  Nota
--------------------------------------------------------------------------------
721218      10
303111      12
721229      12
721219      11
721208      13
721111      16
721220      15
303218      12
--------------------------------------------------------------------------------
